0.0849753 0.265728
0.0722081 0.242982
0.0613591 0.125313
0.0521401 0.0916574
0.0443062 0.122833
0.0376494 0.104216
0.0319927 0.0638285
0.0271859 0.0918503
0.0231013 0.0483391
0.0196304 0.0750241
0.016681 0.0643084
0.0141747 0.0397661
0.012045 0.0168989
0.0102353 0.0330193
0.00869749 0.0344939
0.00739072 0.0160434
0.00628029 0.0123527
0.0053367 0.0127499
0.00453488 0.0124488
0.00385353 0.0104344
0.00327455 0.00784445
0.00278256 0.00662208
0.00236449 0.00909472
0.00200923 0.00649881
0.00170735 0.00562739
0.00145083 0.0030899
0.00123285 0.0020771
0.00104762 0.00299597
0.000890215 0.00186753
0.000756464 0.00281572
0.000642807 0.00218606
0.000546228 0.00188851
0.000464159 0.00092864
0.000394421 0.000633955
0.00033516 0.000586987
0.000284804 0.000660896
0.000242013 0.000536919
0.000205651 0.000819683
0.000174753 0.000295401
0.000148497 0.000427246
0.000126186 0.000769138
0.000107227 0.00161839
9.11163e-05 0.00157261
7.74264e-05 0.00188231
6.57933e-05 0.000310183
5.59081e-05 0.000102043
4.75081e-05 0.00315857
4.03702e-05 0.00267386
3.43047e-05 0.00208449
2.91505e-05 0.00510192
2.47708e-05 0.00266552
2.10491e-05 0.00655103
1.78865e-05 0.00081706
1.51991e-05 0.0106766
1.29155e-05 0.00865412
1.0975e-05 0.00197077
9.32603e-06 0.00815105
7.92483e-06 0.0195751
6.73415e-06 0.0236411
5.72237e-06 0.000309467
4.8626e-06 0.0138259
4.13201e-06 0.0264063
3.51119e-06 0.0419393
2.98365e-06 0.00355792
2.53537e-06 0.0347233
2.15444e-06 0.0120435
1.83074e-06 0.0637207
1.55568e-06 0.0127552
1.32194e-06 0.0242448
1.12332e-06 0.123491
9.54549e-07 0.00707173
8.11131e-07 0.0725961
6.89262e-07 0.0927694
5.85702e-07 0.0367239
4.97703e-07 0.128152
4.22924e-07 0.348074
3.59382e-07 0.042407
3.05386e-07 0.463062
2.59503e-07 0.297444
2.20513e-07 0.150315
1.87382e-07 0.72382
1.59228e-07 0.720945
1.35305e-07 0.456197
1.14976e-07 0.144641
9.7701e-08 0.222005
8.30218e-08 1.02523
7.0548e-08 2.04076
5.99485e-08 3.23583
5.09414e-08 1.71828
4.32876e-08 1.71828
3.67838e-08 1.71828
3.12572e-08 1.71828
2.65609e-08 1.71828
2.25702e-08 1.71828
1.91791e-08 1.71828
1.62975e-08 1.71828
1.38489e-08 1.71828
1.17681e-08 1.71828
1e-08 1.71828
